0.042042 0.260584 2.022904 0.272365
0.291541 0.022340 0.517391 0.059361
0.377688 0.033828 0.616305 0.082470
0.408032 0.074277 0.945511 0.101160
0.575005 0.050652 1.176411 0.116009
0.674886 0.110639 0.661321 0.154058
0.975524 0.237716 2.309383 0.330439
1.042751 0.025947 0.413519 0.128060
1.150976 0.166382 4.443084 0.295752
1.197701 0.075224 1.814191 0.222079
1.256583 0.089313 1.267601 0.251967
1.391328 0.063337 1.171580 0.262949
1.469661 0.019165 0.556610 0.155438
1.605403 0.002471 0.791406 0.205224
1.732839 0.094531 1.794352 0.336246
1.940904 0.287696 11.789267 0.502099
2.049341 0.119920 1.621699 0.460970
2.122626 -0.095297 0.987415 0.361377
2.176565 0.052573 2.889206 0.354222
2.467731 0.080586 1.860777 0.507336
2.601972 1.052996 7.534325 1.231820
2.689530 -0.005794 0.664599 0.290774
2.865731 -0.059751 1.061654 0.481097
2.974279 -0.016738 1.251135 0.395101
2.981129 -0.016528 1.389412 0.490704
3.060609 -0.081284 2.143859 0.510649
3.060962 0.465349 8.697925 0.744552
3.143451 0.153669 2.119033 0.469086
3.211282 0.099493 4.529670 0.438466
3.472860 -0.050637 0.525330 0.427351
3.665269 0.146761 8.451156 0.623686
4.105016 -0.086129 2.539862 0.414189
4.167872 -0.290935 1.662737 0.923652
4.167998 -0.302860 1.422921 0.935091
4.857868 0.483405 13.422442 1.171690
5.064426 -0.455246 2.243080 1.080290
5.314497 0.003395 8.313658 0.937431
5.439850 -0.528810 2.750330 1.197610
5.478335 -0.429091 5.537338 1.226242
5.496381 -0.550334 3.261981 1.353480
5.869310 0.486527 15.115591 1.727731
5.942727 -0.495683 1.787131 1.373124
6.090436 3.974333 15.318081 4.396644
6.649894 0.007191 15.141105 1.485635
6.938047 -0.575322 5.847193 1.383322
7.200644 -0.355266 9.688626 1.738072
7.319154 -0.651824 24.151296 2.214363
7.392634 -0.206434 6.141545 1.529995
10.470313 6.787550 71.653848 8.217444
10.585355 -0.569775 11.584060 2.497806
10.824088 -0.872775 18.113675 2.475532
11.395217 -0.026131 20.324148 3.158803
11.573570 1.221998 13.719878 3.863364
11.573928 1.008544 14.291655 3.923848
14.537280 0.042679 23.405734 3.573630
14.802893 3.488449 54.360840 7.003765
14.924627 -1.486084 13.160711 5.018603
14.924871 -0.674668 19.810018 4.484246
15.120174 12.751491 76.568417 14.836134
15.580142 -0.295088 32.040768 4.388056
16.747598 -3.441616 4.629428 5.851321
20.023146 3.193392 65.535488 8.444535
21.351266 -1.848668 22.843106 6.390763
22.583805 -2.434524 16.945033 7.277744
26.543895 -0.272330 50.499446 9.992154
29.070877 -3.783109 11.626666 9.299062
29.075930 -4.143009 10.744221 9.650581
29.075941 -3.786203 12.971641 9.365409
29.075941 -4.559657 11.778186 9.876067
29.075941 -3.523385 11.220568 8.924594
30.312271 -3.107883 16.856272 9.466078
33.811348 -4.257531 22.663100 10.462521
39.089055 -5.606785 26.682289 11.945440
39.099609 -7.689177 18.501424 13.023188
39.099633 -6.510013 29.308308 12.581408
39.099633 -7.165957 18.892249 12.668557
39.099633 -6.624146 24.476743 12.693077
39.099633 -5.976841 24.016029 12.148733
39.099633 -6.880000 19.468188 12.698756
39.099633 -7.926910 23.127474 13.659631
39.099633 -6.767130 26.996194 12.639180
39.099633 -6.481440 49.598193 12.368140
39.104215 -3.754943 25.174057 11.511067
39.683719 -6.600752 15.118842 14.389543
40.399520 0.070717 73.531033 16.364594
45.362750 -7.530637 78.259076 15.435753
45.821191 -7.654003 9.845103 15.172916
45.822109 -7.903127 10.057475 15.490457
49.607910 -6.377490 8.004272 14.686459
49.961152 -8.265272 9.915380 16.855593
50.874805 -7.379075 14.819906 15.548572
53.111969 -8.192282 8.537068 16.486402
54.569695 -2.397868 53.118331 18.974987
54.572613 -3.478063 52.796774 19.266892
54.994488 -8.740638 9.815540 17.166113
55.106633 -12.005223 16.318077 20.572239
55.440281 -9.613273 12.958285 18.498657
55.663152 -11.208143 18.297998 19.735419
55.972621 -7.003841 18.854392 17.100946
56.343801 -11.945813 15.845109 20.347022
57.296246 -12.493674 20.154847 20.457040
57.762484 -9.048269 19.192003 18.414346
57.763418 -11.872217 28.136896 20.260858
57.717090 -11.376464 23.499725 20.146701
60.445637 -10.785870 15.906109 21.166252
60.451094 -11.500797 25.021062 21.171305
60.451105 -10.898502 15.905505 19.951886
60.451105 -12.333203 17.446700 21.853843
60.451105 -9.071008 14.547143 19.469942
60.451105 -9.698325 14.835679 19.921321
60.451105 -9.080865 15.376400 19.012747
65.030934 -13.435200 19.726968 23.385334
76.529836 -16.833982 33.135212 29.542428
77.444789 -14.151222 22.091885 27.772259
77.446617 -13.217626 23.897414 27.781053
78.907555 -13.270920 24.098340 26.806690
79.468703 -14.263206 25.190420 28.406240
79.469828 -16.323107 23.931769 29.547053
79.469828 -17.244786 26.449986 30.128579
79.469828 -16.831188 30.119875 29.972195
79.469828 -13.066209 25.898847 27.158930
79.469828 -16.063106 29.766327 28.839621
80.943703 -14.433034 25.832025 28.252747
79.673508 -15.080413 26.761618 29.245717
80.064297 -14.254900 23.882490 27.970731
80.593711 -16.704690 32.276579 30.785078
80.281063 -17.905309 32.143218 31.379460
83.219461 -14.200661 28.833776 28.858891
84.601187 -14.715239 35.285684 29.324006
84.673133 -17.035115 28.657971 31.287331
87.602641 -12.543801 30.725172 31.182019
89.089359 -14.606152 39.101933 31.243784
90.434578 -15.478312 29.187422 32.335138
82.712430 -2.801850 66.396894 30.028935
93.165344 -19.283984 24.587553 35.663323
93.186250 -16.816448 27.523835 33.573482
96.003094 -19.769517 27.733180 36.248530
96.008727 -19.053200 27.915284 35.979970
96.008734 -18.080569 22.878443 34.679546
98.418336 -20.904813 27.389921 36.988523
98.423156 -20.785630 40.596967 37.596280
98.423164 -20.121041 29.240617 36.827412
98.786367 -21.352554 28.723910 37.866575
100.228516 -19.174057 23.873065 36.629167
102.790008 -22.943743 32.705828 39.353553
104.874750 -24.422804 29.409533 41.168840
105.592797 -20.801031 28.792495 39.538282
105.594234 -23.697626 30.685563 41.810251
105.594234 -23.262352 30.650516 41.494019
105.594234 -28.052045 34.315618 43.787922
105.594234 -19.860335 27.392559 39.276506
106.306078 -22.142486 28.216986 40.777798
106.888688 -19.163805 26.014280 39.001973
107.565398 -28.073053 38.540762 43.867508
108.221984 -22.686574 27.680481 41.248285
112.318023 -25.025966 29.374128 43.689503
113.336797 -25.949153 34.868253 44.171734
114.124000 -23.394555 30.517306 42.430859
115.861906 -26.941390 34.393310 46.098832
118.204164 -18.749308 23.989199 39.137668
123.141820 -20.886139 26.263732 44.072483
124.390766 -20.581826 27.982503 43.246209
134.474625 -29.329778 53.643428 51.837871
143.054656 -25.049248 32.714897 50.582285
150.888469 -27.485264 30.955208 53.063758
154.064234 -29.643092 34.608886 56.309557
154.378453 -28.108069 34.927770 55.208316
154.537813 -28.152385 30.982985 54.564994
154.538125 -24.784591 28.018582 51.575162
154.538125 -30.986945 34.765971 57.281403
154.538125 -26.753550 30.681824 53.990796
154.552078 -25.561704 29.361620 50.731936
155.392375 -31.403431 36.743818 58.056835
155.696078 -26.619995 30.493184 53.667100
156.218266 -28.364884 32.424713 54.326961
156.285734 -30.604446 34.833066 56.530957
156.168859 -30.477671 35.048623 56.638314
156.992797 -32.450258 39.668727 57.091053
161.322391 -27.211238 34.714852 52.544287
161.570234 -28.750659 32.910604 54.832676
162.510656 -32.822368 40.310435 58.957935
162.512531 -34.875075 46.918719 62.059808
162.512547 -38.275081 45.878249 64.182072
162.621297 -30.324459 37.846360 56.736535
162.730891 -31.949233 35.472586 57.649312
168.030906 -31.474925 36.660214 60.957266
171.640891 -27.858862 61.598023 60.709222
171.648109 -30.595012 66.270523 64.164856
177.506672 -41.055583 49.297590 67.363720
177.518391 -40.832984 49.305529 68.897250
177.518406 -35.901352 44.340820 65.523030
183.871187 -40.029686 45.623754 69.612972
235.898953 -62.883309 92.174450 93.125197
236.003016 -58.185924 83.839774 89.151005
236.003219 -60.322112 83.219869 90.920967
236.003219 -68.979793 99.041010 97.116983
236.003219 -64.478700 95.399659 93.150171
236.003219 -62.203391 91.229160 93.314595
236.003219 -58.235503 84.119066 90.591919
236.003219 -75.682736 102.511044 97.777009
236.003219 -69.401801 99.160550 96.388226
216.886063 -60.014591 -0.000000 87.974263
216.847828 -56.462622 -0.000000 86.658457
249.693469 -64.602913 73.830580 99.102968
249.759141 -67.884218 74.061163 101.597302
249.741719 -71.961109 105.882788 102.850347
269.872687 -64.294962 80.871787 105.125347
269.912938 -65.808113 82.462045 107.639204
269.913031 -64.891886 81.618167 107.927112
