0:F:1.195402><i|5,3,3,0,12,<n|15.000000,-10.000000,14.512385,2.715995,0.828098,<n|6.000000,-14.000000,18.280716,2.490890,0.457775,<n|-7.000000,-13.000000,6.721244,2.172521,0.149171,<n|-20.000000,-6.000000,11.848354,1.181768,0.133351,<n|-11.000000,12.000000,17.180172,1.662130,0.695746,<b|4,1,<b|0,1,<b|1,2,<m|4,0,<m|0,3,<m|3,4,<
0:F:2.045536><i|5,3,3,0,12,<n|-19.000000,6.000000,15.336384,4.404157,0.469396,<n|-14.000000,15.000000,5.880342,2.522507,0.608512,<n|-10.000000,15.000000,16.902688,3.526200,0.871850,<n|16.000000,-15.000000,11.880281,4.401715,0.412070,<n|-19.000000,-14.000000,15.512922,1.280770,0.880126,<b|1,4,<b|2,0,<b|2,4,<m|1,0,<m|4,0,<m|1,3,<
0:F:0.407277><i|5,3,3,0,12,<n|-20.000000,-4.000000,10.858615,3.821986,0.469054,<n|5.000000,-19.000000,10.535119,2.157872,0.338704,<n|-17.000000,-4.000000,11.870421,4.770379,0.258306,<n|-5.000000,17.000000,13.273333,2.393841,0.784347,<n|-5.000000,-3.000000,18.763378,1.668722,0.286431,<b|0,4,<b|4,1,<b|0,2,<m|0,3,<m|1,2,<m|4,3,<
0:F:1.040797><i|5,3,3,0,12,<n|-6.000000,14.000000,5.484071,4.504257,0.214090,<n|-12.000000,-20.000000,13.084118,1.160405,0.172536,<n|11.000000,-20.000000,19.762038,1.040162,0.827097,<n|9.000000,15.000000,15.818577,1.572771,0.595645,<n|12.000000,-18.000000,16.865596,3.036317,0.156887,<b|1,0,<b|0,3,<b|4,1,<m|2,1,<m|2,0,<m|3,4,<
0:F:1.602463><i|5,3,3,0,12,<n|-9.000000,-13.000000,7.780471,2.187902,0.671282,<n|-5.000000,10.000000,7.667787,2.473922,0.311530,<n|14.000000,-11.000000,10.589113,3.998627,0.716083,<n|12.000000,-12.000000,18.649286,1.952300,0.714838,<n|-11.000000,-9.000000,5.530553,1.101810,0.672600,<b|3,2,<b|0,1,<b|4,3,<m|1,4,<m|1,3,<m|4,2,<
0:F:2.463403><i|5,3,3,0,12,<n|9.000000,-8.000000,9.022809,2.566210,0.875683,<n|15.000000,-13.000000,13.135296,1.469131,0.876537,<n|-12.000000,15.000000,16.334574,3.304147,0.794259,<n|11.000000,-6.000000,19.932941,4.274758,0.263848,<n|-8.000000,-6.000000,7.199211,2.990417,0.802878,<b|1,3,<b|0,1,<b|0,4,<m|0,3,<m|2,4,<m|1,4,<
0:F:0.673733><i|5,3,3,0,12,<n|2.000000,10.000000,9.434105,4.565294,0.698431,<n|2.000000,-9.000000,7.543366,2.603198,0.315583,<n|-12.000000,6.000000,13.509969,2.044588,0.404086,<n|-14.000000,5.000000,18.872775,3.061831,0.710736,<n|10.000000,2.000000,8.049973,2.980529,0.455577,<b|2,3,<b|3,1,<b|0,1,<m|3,4,<m|4,0,<m|1,4,<
0:F:2.118522><i|5,3,3,0,12,<n|16.000000,-6.000000,18.134227,2.082308,0.367196,<n|-3.000000,-12.000000,14.624599,4.311991,0.443297,<n|18.000000,4.000000,10.175470,4.944945,0.682733,<n|-7.000000,-6.000000,19.050252,1.997833,0.484216,<n|14.000000,-15.000000,5.357771,1.907010,0.139723,<b|4,1,<b|4,3,<b|1,2,<m|0,3,<m|1,3,<m|2,0,<
0:F:0.377103><i|5,3,3,0,12,<n|-16.000000,-8.000000,15.687113,1.591449,0.838768,<n|8.000000,10.000000,13.082710,3.315622,0.842991,<n|-1.000000,18.000000,8.392719,3.603717,0.297760,<n|17.000000,1.000000,7.036289,3.362011,0.198733,<n|-3.000000,-15.000000,12.828232,1.406751,0.224808,<b|3,1,<b|1,2,<b|0,1,<m|4,2,<m|4,0,<m|4,3,<
0:F:0.574191><i|5,3,3,0,12,<n|-17.000000,13.000000,8.762697,3.711875,0.428477,<n|-12.000000,3.000000,6.802001,1.171636,0.773507,<n|-5.000000,8.000000,5.688310,2.982360,0.152785,<n|11.000000,0.000000,6.437657,4.993408,0.890063,<n|18.000000,17.000000,11.254416,4.404279,0.158132,<b|4,0,<b|1,0,<b|1,3,<m|4,2,<m|2,3,<m|4,3,<
