0.000000 2.105497
1.000000 3.740540
2.000000 6.624678
3.000000 17.919947
4.000000 47.449281
5.000000 49.792830
6.000000 66.830052
7.000000 68.356036
8.000000 143.175619
0.000000 2.330188
5.000000 51.641650
10.000000 173.700620
15.000000 252.735421
25.000000 254.046739
30.000000 256.413149
35.000000 263.543994
40.000000 334.752299
45.000000 280.715886
50.000000 332.727656
55.000000 338.373887
60.000000 351.344694
65.000000 348.889363
70.000000 348.361899
75.000000 341.103619
80.000000 282.577145
85.000000 352.361593
90.000000 339.596584
95.000000 347.812824
0.000000 2.270681
5.000000 52.345701
10.000000 139.438256
15.000000 250.009967
20.000000 264.449033
25.000000 257.259787
30.000000 269.494476
35.000000 273.389040
40.000000 271.462273
45.000000 329.840471
50.000000 275.275653
55.000000 344.659295
60.000000 270.994363
65.000000 330.076906
70.000000 354.249276
75.000000 352.450349
80.000000 336.966416
85.000000 345.985342
90.000000 344.764823
95.000000 351.882813
0.000000 2.328898
5.000000 49.977599
10.000000 156.610217
15.000000 218.227482
20.000000 252.456787
25.000000 247.057951
30.000000 264.527834
35.000000 322.182336
40.000000 265.701409
45.000000 266.061901
50.000000 260.803387
55.000000 270.317532
60.000000 330.921291
65.000000 284.256240
70.000000 340.698406
75.000000 338.610467
80.000000 283.435687
85.000000 350.504516
90.000000 346.679539
95.000000 339.002134
0.000000 2.206269
5.000000 52.944737
10.000000 139.511439
15.000000 219.482303
20.000000 267.770996
25.000000 264.470350
30.000000 264.829152
35.000000 271.421044
40.000000 254.987651
45.000000 269.837960
50.000000 264.965202
55.000000 276.560839
60.000000 280.804222
65.000000 328.937555
70.000000 337.766721
75.000000 354.776165
80.000000 362.625503
85.000000 343.922691
90.000000 332.397158
95.000000 348.282620
0.000000 2.394499
5.000000 53.359519
0.000000 -243.322574
5.000000 250.169763
10.000000 944.703644
0.000000 3.670715
5.000000 50.622010
10.000000 114.096990
15.000000 158.137369
20.000000 150.684170
25.000000 262.163464
30.000000 243.659005
35.000000 258.839356
40.000000 253.795769
45.000000 247.203533
50.000000 247.204912
55.000000 242.631144
60.000000 247.069385
65.000000 259.997011
70.000000 265.465590
75.000000 259.762169
80.000000 251.340612
85.000000 244.327562
90.000000 257.926208
95.000000 258.954996
0.000000 3.753642
5.000000 47.922413
10.000000 137.852564
15.000000 157.881358
20.000000 233.764253
25.000000 254.771204
30.000000 255.431556
35.000000 255.814645
40.000000 246.411026
45.000000 256.100512
50.000000 254.736997
55.000000 257.638072
500.000000 265.928902
505.000000 263.146628
510.000000 259.334652
5.000000 -0.742281
10.000000 -0.454254
15.000000 -0.639501
20.000000 -0.576582
25.000000 -0.289349
30.000000 -0.365425
35.000000 -0.695913
40.000000 -0.584009
45.000000 -0.868455
5.000000 230.589809
10.000000 245.680530
15.000000 251.882540
20.000000 241.495085
25.000000 242.133890
30.000000 247.085136
35.000000 252.525883
40.000000 251.584645
45.000000 265.826954
50.000000 253.455324
55.000000 239.793069
60.000000 237.698031
65.000000 243.792971
70.000000 237.416075
75.000000 252.464381
80.000000 245.304776
85.000000 245.942588
5.000000 48.263876
10.000000 133.956090
15.000000 161.492082
20.000000 206.288645
25.000000 244.040726
30.000000 247.983141
35.000000 250.402090
40.000000 252.805208
45.000000 250.161722
50.000000 252.414917
55.000000 253.182689
60.000000 255.985680
65.000000 254.081816
70.000000 244.790535
75.000000 251.288124
80.000000 250.719448
85.000000 248.000929
90.000000 258.890864
95.000000 262.999246
100.000000 244.223855
5.000000 50.022475
10.000000 130.716949
15.000000 215.956065
20.000000 158.748280
25.000000 252.463662
30.000000 243.542835
35.000000 244.261750
40.000000 246.083332
45.000000 249.679782
50.000000 253.893391
55.000000 256.420455
60.000000 258.037588
65.000000 253.418587
70.000000 256.898726
75.000000 260.689980
80.000000 249.198075
85.000000 261.712645
90.000000 244.707761
95.000000 252.955935
100.000000 246.162837
5.000000 47.503085
10.000000 141.913639
15.000000 159.143536
20.000000 251.660386
25.000000 252.262176
30.000000 246.408056
35.000000 244.866315
40.000000 267.335835
45.000000 261.218024
50.000000 259.826164
55.000000 259.212572
60.000000 249.939668
65.000000 253.303747
70.000000 242.969611
75.000000 249.207584
80.000000 261.161378
85.000000 252.947561
90.000000 244.627471
95.000000 253.013276
100.000000 255.899845
5.000000 48.221071
10.000000 130.650959
15.000000 158.615499
20.000000 205.827096
25.000000 250.334603
30.000000 254.947447
35.000000 243.417546
40.000000 244.814940
45.000000 251.636300
50.000000 247.101663
55.000000 246.920158
60.000000 261.275957
65.000000 252.858050
70.000000 247.133375
75.000000 239.940348
80.000000 262.630422
85.000000 256.535888
90.000000 252.685662
95.000000 250.338926
100.000000 241.562949
5.000000 46.147624
10.000000 133.176080
15.000000 157.365624
20.000000 169.171586
25.000000 247.030714
30.000000 246.498266
35.000000 229.093878
40.000000 251.664238
45.000000 242.767684
50.000000 256.754332
55.000000 264.797545
60.000000 256.635252
65.000000 243.317677
70.000000 241.306004
75.000000 256.460925
80.000000 247.991274
85.000000 241.709563
90.000000 253.218070
95.000000 266.509628
100.000000 255.230384
5.000000 49.110130
10.000000 159.995079
15.000000 157.223692
20.000000 252.690058
25.000000 237.587921
30.000000 259.499120
35.000000 245.492306
40.000000 257.140644
45.000000 261.426888
50.000000 242.280576
55.000000 252.302251
60.000000 251.059776
65.000000 251.202791
70.000000 259.689633
75.000000 246.956017
80.000000 265.507077
85.000000 256.613077
90.000000 255.262335
95.000000 255.108227
100.000000 268.397669
5.000000 47.239606
10.000000 129.452730
15.000000 160.475031
20.000000 209.434212
25.000000 255.337765
30.000000 241.948655
35.000000 249.351323
40.000000 266.764272
45.000000 252.725625
50.000000 258.061916
55.000000 249.756941
60.000000 254.053697
65.000000 247.507170
70.000000 247.160915
75.000000 248.747061
80.000000 250.208839
85.000000 245.823271
90.000000 264.254821
95.000000 260.300659
100.000000 264.075060
5.000000 50.426613
10.000000 125.919760
15.000000 156.811076
20.000000 248.628949
25.000000 253.243334
30.000000 239.508640
35.000000 243.311392
40.000000 244.949512
45.000000 243.012376
50.000000 254.628218
55.000000 255.690615
60.000000 243.531239
65.000000 241.168434
70.000000 247.791840
75.000000 257.375798
80.000000 262.453241
85.000000 246.953732
90.000000 261.047730
95.000000 262.141870
100.000000 246.853333
5.000000 51.313432
10.000000 133.422010
15.000000 161.278090
20.000000 209.772925
25.000000 244.036020
30.000000 255.462688
35.000000 266.278535
40.000000 250.974853
45.000000 262.331510
50.000000 249.447176
55.000000 251.017625
60.000000 252.969329
65.000000 250.032997
70.000000 255.581032
75.000000 256.708966
80.000000 247.901249
85.000000 266.811747
90.000000 257.526408
95.000000 266.035054
100.000000 257.350082
5.000000 50.341301
10.000000 131.269691
15.000000 161.466372
20.000000 240.658128
25.000000 244.640089
30.000000 256.979184
35.000000 261.502114
40.000000 259.977873
45.000000 246.927433
50.000000 249.721616
55.000000 248.446662
60.000000 257.233363
65.000000 263.476122
70.000000 243.747026
75.000000 262.608838
80.000000 264.129869
85.000000 249.030819
90.000000 260.550658
95.000000 262.030465
100.000000 249.491111
5.000000 47.238616
10.000000 123.353794
15.000000 165.380483
20.000000 198.248112
25.000000 255.987941
30.000000 253.311550
35.000000 247.571448
40.000000 258.670286
45.000000 256.339348
50.000000 268.515816
55.000000 244.096591
60.000000 244.885280
65.000000 248.644243
70.000000 238.833428
75.000000 262.277506
80.000000 254.055717
85.000000 252.330035
90.000000 238.630039
95.000000 241.248088
100.000000 252.563435
5.000000 50.280594
10.000000 162.237319
15.000000 157.125493
20.000000 248.816626
25.000000 261.085348
30.000000 245.955102
35.000000 249.158145
40.000000 237.259566
45.000000 240.515430
50.000000 250.029913
55.000000 249.266965
60.000000 254.252886
65.000000 250.166829
70.000000 255.613522
75.000000 256.543288
80.000000 259.637313
85.000000 258.907309
90.000000 241.797478
95.000000 260.318777
100.000000 262.405607
5.000000 47.940180
10.000000 152.759726
15.000000 156.408543
20.000000 152.336064
25.000000 240.171244
30.000000 247.621339
35.000000 250.722658
40.000000 267.386401
45.000000 253.885427
50.000000 249.704997
55.000000 248.695939
60.000000 260.598378
65.000000 250.209818
70.000000 255.141623
75.000000 253.118394
80.000000 252.847082
85.000000 250.403079
90.000000 245.176465
95.000000 257.173890
100.000000 249.630758
5.000000 46.260250
10.000000 158.150303
15.000000 167.097359
20.000000 199.301994
25.000000 250.886682
30.000000 243.363204
35.000000 252.878016
40.000000 240.986081
45.000000 259.546281
50.000000 240.866027
55.000000 263.738902
60.000000 246.240812
65.000000 258.451994
70.000000 250.861961
75.000000 250.712507
80.000000 259.044493
85.000000 249.068940
90.000000 258.700482
95.000000 263.510459
100.000000 264.393860
5.000000 49.687470
10.000000 137.693886
15.000000 155.223367
20.000000 252.357338
25.000000 247.250748
30.000000 252.423052
35.000000 263.721551
40.000000 257.398650
45.000000 263.549361
50.000000 254.636380
55.000000 242.985166
60.000000 245.858146
65.000000 256.499355
70.000000 252.857328
75.000000 252.728112
80.000000 249.056855
85.000000 251.923962
90.000000 261.385412
95.000000 248.832888
100.000000 265.166501
5.000000 50.851503
10.000000 133.119718
15.000000 156.760285
20.000000 207.298468
25.000000 240.580556
30.000000 263.000058
35.000000 253.699560
40.000000 245.194235
45.000000 245.473820
50.000000 269.815739
55.000000 251.508996
60.000000 250.042475
65.000000 256.068258
70.000000 252.141358
75.000000 257.504855
80.000000 255.872852
85.000000 249.237191
90.000000 270.012153
95.000000 255.948820
100.000000 247.642380
5.000000 48.176650
10.000000 138.951314
15.000000 154.119115
20.000000 250.692881
25.000000 244.687902
30.000000 244.651051
35.000000 257.613091
40.000000 239.343789
45.000000 245.099956
50.000000 247.196518
55.000000 247.895252
60.000000 252.225394
65.000000 255.032042
70.000000 250.182369
75.000000 249.992282
80.000000 274.924395
85.000000 253.201259
90.000000 266.352932
95.000000 254.045809
100.000000 259.109261
5.000000 52.371445
10.000000 128.413955
15.000000 166.685510
20.000000 206.001153
25.000000 260.869121
30.000000 257.372525
35.000000 253.148931
40.000000 252.168162
45.000000 252.444147
50.000000 255.546870
55.000000 253.687739
60.000000 246.327162
65.000000 254.081954
70.000000 259.733641
75.000000 261.641315
80.000000 257.916976
85.000000 250.820990
90.000000 267.870763
95.000000 258.003518
100.000000 251.291078
5.000000 50.360552
10.000000 134.043434
15.000000 207.532846
20.000000 250.603322
25.000000 252.105325
30.000000 236.879937
35.000000 249.670655
40.000000 251.248827
45.000000 234.558457
50.000000 242.770404
55.000000 255.476068
60.000000 255.727903
65.000000 253.599931
70.000000 243.765246
75.000000 256.770621
80.000000 256.006742
85.000000 252.883990
90.000000 257.141450
95.000000 255.813368
100.000000 258.146153
5.000000 47.082333
10.000000 131.725075
15.000000 156.358771
20.000000 162.816839
25.000000 236.544493
30.000000 246.201257
35.000000 249.564742
40.000000 245.012008
45.000000 243.415684
50.000000 245.583463
55.000000 255.928773
60.000000 253.439888
65.000000 250.990073
70.000000 251.982440
75.000000 253.343559
80.000000 266.168449
85.000000 264.657923
90.000000 260.761496
95.000000 262.700218
100.000000 270.166650
5.000000 49.701429
10.000000 129.325468
15.000000 164.172225
20.000000 232.371201
25.000000 250.525534
30.000000 246.915030
35.000000 243.328048
40.000000 243.641955
45.000000 241.854295
50.000000 241.669730
55.000000 261.940994
60.000000 248.413254
65.000000 257.497217
70.000000 253.546160
75.000000 251.610580
80.000000 259.178344
85.000000 262.229687
90.000000 258.424644
95.000000 252.197707
100.000000 260.349057
5.000000 48.697340
10.000000 130.614707
15.000000 156.644798
20.000000 261.756135
25.000000 251.975297
30.000000 253.904059
35.000000 253.907273
40.000000 256.784379
45.000000 242.645380
50.000000 261.059450
55.000000 243.586652
60.000000 250.355890
65.000000 253.030139
70.000000 254.369218
75.000000 247.895032
80.000000 247.868035
85.000000 264.527234
90.000000 243.358343
95.000000 253.512932
100.000000 260.118232
5.000000 49.714852
10.000000 133.983490
15.000000 157.939320
20.000000 198.013376
25.000000 258.162832
30.000000 253.374323
35.000000 247.607877
40.000000 252.175895
45.000000 254.292633
50.000000 256.621301
55.000000 251.681026
60.000000 256.518830
65.000000 268.571366
70.000000 250.377490
75.000000 258.668868
80.000000 253.282180
85.000000 247.961477
90.000000 250.211575
95.000000 253.359613
100.000000 242.581366
5.000000 52.646367
10.000000 159.931885
15.000000 160.874663
20.000000 210.082750
25.000000 262.232416
30.000000 255.428103
35.000000 252.190306
40.000000 245.634116
45.000000 252.102471
50.000000 246.841713
55.000000 252.965594
60.000000 249.194434
65.000000 254.872491
70.000000 263.566763
75.000000 250.614952
80.000000 259.456426
85.000000 262.738455
90.000000 251.398276
95.000000 246.423023
100.000000 249.390586
5.000000 52.178612
10.000000 131.316073
15.000000 156.202127
20.000000 231.804116
25.000000 258.501205
30.000000 247.813823
35.000000 247.143620
40.000000 244.555406
45.000000 249.169930
50.000000 254.293035
55.000000 256.720431
60.000000 248.973247
65.000000 261.541244
70.000000 246.730031
75.000000 259.160042
80.000000 275.917814
85.000000 254.952079
90.000000 256.753284
95.000000 257.522723
100.000000 242.201280
5.000000 47.815118
10.000000 132.751470
15.000000 156.342324
20.000000 160.232556
25.000000 250.194009
30.000000 250.330102
35.000000 238.511361
40.000000 248.459593
45.000000 262.257947
50.000000 239.471093
55.000000 251.389384
60.000000 247.534588
65.000000 240.650641
70.000000 259.452790
75.000000 260.240286
80.000000 254.117353
85.000000 251.779855
90.000000 251.464092
95.000000 236.381318
100.000000 255.218143
5.000000 51.176708
10.000000 158.812407
15.000000 158.347646
20.000000 249.731394
25.000000 244.808695
30.000000 252.036126
35.000000 237.950743
40.000000 261.567235
45.000000 251.891078
50.000000 246.300661
55.000000 247.006487
60.000000 252.080551
65.000000 252.979994
70.000000 243.307119
75.000000 253.670963
80.000000 253.374652
85.000000 260.995929
90.000000 263.952727
95.000000 261.183236
100.000000 241.955699
5.000000 50.178656
10.000000 131.973839
15.000000 155.891292
20.000000 153.746698
25.000000 247.727621
30.000000 239.373312
35.000000 250.264556
40.000000 254.786017
45.000000 255.387777
50.000000 245.035551
55.000000 263.850463
60.000000 260.907313
65.000000 243.456372
70.000000 247.102882
75.000000 262.004413
80.000000 253.119778
85.000000 243.966681
90.000000 262.564012
95.000000 255.824074
100.000000 251.605309
5.000000 51.720219
10.000000 151.524340
15.000000 135.445443
20.000000 199.896384
25.000000 253.861209
30.000000 242.677271
35.000000 242.504662
40.000000 251.903800
45.000000 247.282194
50.000000 254.993298
55.000000 253.984897
60.000000 248.678643
65.000000 253.725605
70.000000 244.190472
75.000000 251.881169
80.000000 255.507422
85.000000 250.096894
90.000000 246.549395
95.000000 257.299847
100.000000 258.312145
5.000000 48.923286
10.000000 132.248183
15.000000 153.929798
20.000000 164.919056
25.000000 239.717369
30.000000 247.070582
35.000000 245.611286
40.000000 236.563060
45.000000 258.062866
50.000000 246.486252
55.000000 256.225293
60.000000 260.131643
65.000000 256.090568
70.000000 256.185564
75.000000 258.329384
80.000000 257.668908
85.000000 269.339440
90.000000 238.889447
95.000000 246.715040
100.000000 255.210907
5.000000 46.889888
10.000000 131.090608
15.000000 161.003254
20.000000 153.604391
25.000000 239.324878
30.000000 250.062640
35.000000 250.355241
40.000000 237.574462
45.000000 242.511779
50.000000 264.819268
55.000000 251.964854
60.000000 252.756822
65.000000 264.195257
70.000000 261.562178
75.000000 248.879635
80.000000 244.893825
85.000000 260.111524
90.000000 249.226189
95.000000 255.481646
100.000000 258.053819
5.000000 50.662534
10.000000 126.909567
15.000000 160.040146
20.000000 210.432902
25.000000 254.433107
30.000000 243.486665
35.000000 237.359601
40.000000 243.049554
45.000000 246.181338
50.000000 247.856489
55.000000 252.776482
60.000000 260.482512
65.000000 255.204636
70.000000 271.737261
75.000000 259.378742
80.000000 242.003021
85.000000 260.720358
90.000000 250.946368
95.000000 260.425062
100.000000 244.171838
5.000000 49.867547
10.000000 137.089834
15.000000 159.426815
20.000000 212.869463
25.000000 257.974017
30.000000 240.203652
35.000000 255.414834
40.000000 248.263149
45.000000 244.371722
50.000000 239.335228
55.000000 245.927317
60.000000 246.711902
65.000000 257.216528
70.000000 237.288811
75.000000 236.404705
80.000000 236.180719
85.000000 254.613856
90.000000 260.364428
95.000000 259.107238
100.000000 243.672062
5.000000 45.610966
10.000000 135.922306
15.000000 155.270311
20.000000 205.456321
25.000000 251.956240
30.000000 243.925998
35.000000 233.780503
40.000000 253.197729
45.000000 250.141458
50.000000 253.796889
55.000000 250.947243
60.000000 252.910896
65.000000 245.387924
70.000000 248.164489
75.000000 256.073467
80.000000 256.573105
85.000000 265.432505
90.000000 254.524192
95.000000 240.366472
100.000000 244.631700
5.000000 48.745490
10.000000 131.409739
15.000000 133.877235
20.000000 204.449656
25.000000 255.276840
30.000000 251.543657
35.000000 265.113242
40.000000 252.835930
45.000000 236.316855
50.000000 258.324742
55.000000 258.654690
60.000000 243.105611
65.000000 246.948790
70.000000 249.149994
75.000000 248.671849
80.000000 252.370866
85.000000 245.384841
90.000000 247.256093
95.000000 251.734429
100.000000 266.409996
5.000000 47.023264
10.000000 134.466385
15.000000 158.149389
20.000000 256.705705
25.000000 246.349313
30.000000 247.956001
35.000000 242.014622
40.000000 247.653186
45.000000 251.025015
50.000000 248.994230
55.000000 252.819894
60.000000 263.000563
65.000000 248.932282
70.000000 263.620257
75.000000 263.645431
80.000000 252.156080
85.000000 251.969543
90.000000 254.357195
95.000000 251.642156
100.000000 255.903469
5.000000 48.890564
10.000000 130.839362
15.000000 159.952185
20.000000 217.597383
25.000000 244.525255
30.000000 245.748162
35.000000 258.015509
40.000000 253.820669
45.000000 246.909806
50.000000 256.415712
55.000000 244.438622
60.000000 244.981481
65.000000 253.054173
70.000000 247.921216
75.000000 256.112715
80.000000 253.437087
85.000000 254.676852
90.000000 242.969307
95.000000 256.842612
100.000000 260.577855
5.000000 51.366057
10.000000 139.098681
15.000000 161.998911
20.000000 201.308500
25.000000 243.472546
30.000000 246.486601
35.000000 256.166273
40.000000 251.230689
45.000000 243.717317
50.000000 237.405903
55.000000 267.124595
60.000000 249.543174
65.000000 254.028859
70.000000 260.424937
75.000000 250.103580
80.000000 250.013255
85.000000 250.014810
90.000000 264.948189
95.000000 234.641370
100.000000 247.561987
5.000000 49.748784
10.000000 159.688118
15.000000 163.106857
20.000000 245.218945
25.000000 234.918135
30.000000 251.305472
35.000000 253.641028
40.000000 247.391672
45.000000 260.729864
50.000000 240.789284
55.000000 265.625772
60.000000 256.201537
65.000000 254.236878
70.000000 235.718411
75.000000 260.995008
80.000000 250.293807
85.000000 263.867406
90.000000 257.838085
95.000000 262.193643
100.000000 256.746427
5.000000 50.490839
10.000000 151.136354
15.000000 160.259249
20.000000 247.594827
25.000000 249.337386
30.000000 244.972901
35.000000 245.371923
40.000000 250.391629
45.000000 236.951490
50.000000 249.610685
55.000000 247.709880
60.000000 264.308993
65.000000 243.631467
70.000000 262.014867
75.000000 257.979517
80.000000 254.672654
85.000000 257.069148
90.000000 253.504821
95.000000 248.056400
100.000000 254.332876
5.000000 50.390376
10.000000 138.328071
15.000000 138.961192
20.000000 251.177034
25.000000 247.704942
30.000000 235.816903
35.000000 258.247591
40.000000 259.632358
45.000000 234.565720
50.000000 244.773329
55.000000 248.445312
60.000000 261.061041
65.000000 255.736416
70.000000 255.190478
75.000000 255.761007
80.000000 259.741922
85.000000 262.060466
90.000000 255.024774
5.000000 183.063793
10.000000 270.915318
15.000000 243.017628
20.000000 228.560631
25.000000 265.802968
30.000000 271.608597
35.000000 252.427930
40.000000 249.387199
45.000000 246.335493
50.000000 254.573252
55.000000 246.891275
60.000000 237.501922
65.000000 247.298038
70.000000 253.717983
75.000000 279.718746
80.000000 309.393093
85.000000 201.716188
90.000000 261.476239
95.000000 298.507225
100.000000 252.785415
5.000000 209.458769
10.000000 259.880252
15.000000 226.202441
20.000000 296.782480
25.000000 225.017307
30.000000 220.420600
35.000000 258.731213
40.000000 258.440449
5.000000 133.426172
10.000000 253.744257
0.000000 3.781617
5.000000 124.506794
10.000000 240.077852
0.000000 -0.490594
5.000000 -0.570656
10.000000 -0.591295
15.000000 -0.703352
5.000000 -0.247525
10.000000 -0.540669
15.000000 -0.823324
20.000000 -0.597612
25.000000 -0.681274
5.000000 236.469102
10.000000 241.517706
15.000000 252.294313
20.000000 253.013199
25.000000 248.088725
30.000000 240.524521
5.000000 248.204209
10.000000 243.062452
5.000000 262.230736
10.000000 241.283108
15.000000 238.181550
5.000000 3.889646
10.000000 3.709553
15.000000 3.542567
20.000000 3.821850
25.000000 3.492130
30.000000 3.662958
35.000000 3.419411
40.000000 3.517533
5.000000 132.247298
10.000000 249.367744
5.000000 52.307643
10.000000 163.407783
15.000000 164.440677
20.000000 262.087382
25.000000 244.825993
30.000000 248.981573
35.000000 251.114569
40.000000 245.464280
45.000000 250.387151
50.000000 258.897171
55.000000 243.777048
60.000000 256.816052
65.000000 234.243309
70.000000 253.836871
75.000000 239.048148
80.000000 270.366707
85.000000 261.497146
90.000000 246.959883
95.000000 248.365859
100.000000 258.386499
5.000000 51.516158
10.000000 130.006138
15.000000 151.753198
20.000000 198.063297
25.000000 234.503069
30.000000 245.856790
35.000000 242.426900
40.000000 253.074746
45.000000 239.974719
50.000000 248.439415
55.000000 252.348188
60.000000 255.013555
65.000000 266.181114
70.000000 245.732347
75.000000 262.239894
80.000000 256.790568
85.000000 257.373586
90.000000 259.696533
95.000000 241.735828
100.000000 256.143566
5.000000 47.297762
10.000000 153.522598
15.000000 198.735314
20.000000 238.192086
25.000000 249.274035
30.000000 254.957782
35.000000 243.246779
40.000000 246.298186
45.000000 247.500829
50.000000 257.285136
55.000000 266.783515
60.000000 256.054704
65.000000 251.981689
70.000000 259.653688
75.000000 256.845299
80.000000 245.769714
85.000000 263.638671
90.000000 254.594823
95.000000 263.134858
100.000000 270.904786
5.000000 47.996912
10.000000 137.491896
15.000000 208.619611
20.000000 250.929810
25.000000 241.089700
30.000000 251.970927
35.000000 255.000740
40.000000 267.497693
45.000000 244.674213
50.000000 256.017777
55.000000 257.776330
60.000000 245.358760
65.000000 262.142495
70.000000 252.273179
75.000000 266.719763
80.000000 247.105083
85.000000 269.611579
90.000000 243.325202
95.000000 265.595402
100.000000 235.951959
5.000000 51.324767
10.000000 128.752720
15.000000 161.678647
20.000000 246.106842
25.000000 246.246817
30.000000 258.565577
35.000000 244.418438
40.000000 240.883072
45.000000 242.511895
50.000000 248.195235
55.000000 256.137155
60.000000 247.683661
65.000000 256.750958
70.000000 252.424763
75.000000 236.345530
80.000000 260.410321
85.000000 250.928429
90.000000 257.746146
95.000000 256.150419
100.000000 253.322297
5.000000 49.149056
10.000000 158.744513
15.000000 154.028113
20.000000 252.946582
25.000000 256.167873
30.000000 252.115956
35.000000 246.431927
40.000000 254.352011
45.000000 250.347318
50.000000 265.649440
55.000000 243.939826
60.000000 260.244857
65.000000 244.075124
70.000000 250.233206
75.000000 244.491909
80.000000 242.037943
85.000000 260.893160
90.000000 230.822515
95.000000 269.442796
100.000000 245.007061
5.000000 49.914795
10.000000 130.385530
15.000000 211.311338
20.000000 249.010881
25.000000 249.673759
30.000000 250.521135
35.000000 254.411032
40.000000 252.506845
45.000000 252.720477
50.000000 248.393135
55.000000 235.569593
60.000000 255.936090
65.000000 255.126757
70.000000 247.329857
75.000000 252.128910
80.000000 248.987935
85.000000 250.372699
90.000000 259.086945
95.000000 250.932451
100.000000 258.975966
5.000000 50.087086
10.000000 136.666454
15.000000 161.770931
20.000000 203.295397
25.000000 254.986087
30.000000 248.837003
35.000000 258.819251
40.000000 247.815937
45.000000 256.393116
50.000000 237.813176
55.000000 247.538494
60.000000 248.440164
65.000000 253.104220
70.000000 246.840308
75.000000 264.357113
80.000000 255.394109
85.000000 246.787492
90.000000 268.570291
95.000000 241.241447
100.000000 257.596392
5.000000 49.677897
10.000000 162.521617
15.000000 160.882803
20.000000 249.822940
25.000000 244.993508
30.000000 252.846719
35.000000 247.419380
40.000000 238.935944
45.000000 239.762508
50.000000 246.761861
55.000000 267.940124
60.000000 251.223399
65.000000 252.463396
70.000000 250.205567
75.000000 266.586232
80.000000 242.141753
85.000000 242.342413
90.000000 250.180884
95.000000 264.916033
100.000000 246.848363
5.000000 46.851885
10.000000 133.072519
15.000000 159.707961
20.000000 236.421023
25.000000 259.322036
30.000000 249.243335
35.000000 260.753794
40.000000 253.444566
45.000000 245.828803
50.000000 241.271668
55.000000 259.960996
60.000000 256.385315
65.000000 254.857479
70.000000 260.257748
75.000000 254.590543
80.000000 252.536319
85.000000 276.749416
90.000000 256.806295
95.000000 254.202117
100.000000 243.743093
5.000000 52.004518
10.000000 131.229663
15.000000 167.673150
20.000000 211.158518
25.000000 242.250782
30.000000 246.478466
35.000000 240.472326
40.000000 241.560651
45.000000 258.870036
50.000000 247.872553
55.000000 251.177777
60.000000 248.903785
65.000000 254.725721
70.000000 257.718829
75.000000 252.905420
80.000000 254.672686
85.000000 254.792765
90.000000 258.285326
95.000000 242.956517
100.000000 248.688801
5.000000 49.854999
10.000000 133.153814
15.000000 151.158394
20.000000 210.507713
25.000000 263.874902
30.000000 265.535210
35.000000 251.474461
40.000000 253.299693
45.000000 252.762244
50.000000 255.887821
55.000000 245.339293
60.000000 266.259992
65.000000 260.470180
70.000000 242.858778
75.000000 263.409398
80.000000 256.016929
